12.8256083
0.2091167
0.0012792
12.702625
0.0566292
12.9275333
0.0009667
12.8531125
12.8527375
13.1722458
12.7480542
12.8516333
12.8715125
13.02405
12.9455208
12.8513292
12.8969833
12.8475459
12.8527
12.8489541
12.8777709
12.8433375
12.8634042
12.8696958
12.846275
12.9739875
12.83595
12.8747875
12.9229791
12.8828667
12.8381458
12.856475
12.8691875
12.9220458
12.7200667
12.9093041
12.8801042
12.8793
12.856525
12.89875
21.3902417
20.3763333
20.9119333
14.433575
12.9019792
12.8826542
20.49475
20.4524542
21.3434375
22.8048291
17.6652083
12.8838583
12.8804833
13.0827417
13.0509666
12.8626708
12.85955
12.9590625
13.1879
12.9731458
12.85255
12.8318125
12.8759792
12.8628708
12.8510834
12.850275
14.3668416
12.8696
12.85525
12.8183334
12.9647292
12.8455334
12.8111167
12.7652292
12.8543459
12.8609
12.9386291
12.8675667
12.8554375
12.9198792
12.8650625
13.0162083
12.7750208
12.7651125
12.8104417
12.78405
12.8286208
12.852325
12.8513875
12.857725
12.8451792
12.9815958
12.8739041
12.8327042
13.0182792
13.1556791
12.77665
12.7286209
12.9388083
12.8897958
12.7930834
12.7927
12.869275
12.8653583
12.8246
12.7186542
12.8757625
12.8788417
12.8441208
12.9496375
12.8420583
12.8262375
12.8473959
12.7725916
12.8007458
12.8859292
12.8532042
12.9189625
12.8399417
12.8482208
12.8893083
12.7665958
12.9289
12.723025
12.9736375
12.8679958
12.8793958
12.964075
12.9525584
12.8271333
12.862325
12.8614958
12.8894333
12.8527666
12.8440208
12.8849541
12.8395542
13.2442792
12.8632125
12.8523917
12.9265917
12.8961875
12.8210292
12.8803583
12.8589833
12.8416625
12.94185
12.9213459
12.8140125
12.7805875
12.7866875
13.1299042
12.964825
13.04605
12.8656916
12.9804208
12.8848833
12.9013666
12.848625
12.919525
12.8481167
12.7950041
12.7893792
12.7764084
12.8902334
12.8096209
12.8605292
12.8875375
12.8684917
12.9126542
13.2102334
12.847125
13.4394792
12.8485916
12.8664834
12.8678458
12.8475125
12.8557
12.9140583
13.245425
12.9168584
13.0601916
12.8559083
12.8491
12.976425
12.8462833
12.7568625
12.8578875
12.8810083
12.8619417
12.8831708
12.8171458
12.8579792
13.48945
13.0182875
12.9538542
12.8441167
12.8767834
12.7781917
12.8748958
13.1409292
12.710525
12.9306917
12.8498542
13.0360916
12.9039875
12.8382291
12.8595
12.8537334
12.9104625
12.7476042
12.8212541
12.8543041
12.8499292
12.8125666
12.7198167
12.875425
12.841475
12.8626084
12.8410708
12.8626625
12.8939333
12.8366167
12.8378458
12.8565916
12.8432583
12.8890917
12.7774125
12.8363541
13.4711791
12.8457375
12.9249709
12.850975
12.8719709
12.8696083
12.8468875
12.8982125
12.902825
12.8233
12.80135
12.7992
12.83925
12.9059209
12.8766417
12.8739292
12.8300042
12.8893875
12.8597333
12.8491125
12.8863959
12.8457208
12.8843792
12.8468709
12.8539875
12.8455208
12.8856583
12.9152459
12.869875
12.8475958
13.1842333
13.1414
12.8458084
12.8637959
12.951975
12.8357167
12.801075
12.8739458
13.266125
12.8637125
12.9135167
12.8963083
12.8608583
12.8704084
12.8494792
12.8728041
12.8463459
12.84235
13.0451625
12.7972708
13.0821542
12.8598709
12.839275
12.9574542
13.1550042
12.8437875
12.8702041
12.846275
12.9203667
12.9372041
12.8096416
13.1517542
12.8945209
12.8549625
12.9197
13.1179083
12.9210333
12.8686209
12.9101917
12.8919959
12.8858542
12.8429458
12.8788209
12.8369833
12.8690667
12.9854041
12.8023
12.8381875
12.84785
12.7663708
12.8177625
12.8887667
12.9496875
12.8592083
12.8654458
12.8680834
12.8530375
12.9738291
12.7871833
12.9197209
12.8160583
12.8632542
12.9466375
12.8612125
12.8421833
13.0300416
12.8562333
12.8738375
12.8234125
12.8622291
12.9676084
13.2920375
12.864875
12.9106792
12.8476292
12.876575
12.8449916
12.8678041
12.8408375
12.7607041
12.8794458
12.8167667
12.8940709
12.8425417
12.8361333
12.794375
12.8578125
12.8564708
12.8709166
12.850975
12.9297125
12.8675375
12.8419625
12.8844166
12.825125
12.8757083
12.8602792
12.7911708
12.8342834
12.8738833
13.3133375
12.8290125
12.83015
12.8772709
13.0362083
12.8447583
12.8904125
12.884475
12.8993792
12.9352042
12.8360625
12.8776416
12.8343542
12.8872625
12.8489625
12.9485542
12.8884208
12.83135
12.8383292
12.8102084
12.8660041
12.8348292
12.8826125
12.7781959
12.8456417
12.8717875
12.8174708
12.8726625
12.9519167
12.8906333
12.8451375
12.858575
12.8546208
12.86355
12.8786291
12.7665916
12.8930458
12.8356375
12.8564667
12.8762583
12.913475
12.9184792
12.9121333
12.8665834
12.8874333
12.8653208
12.8672833
12.85555
13.0321416
12.92345
12.8433917
12.8570208
12.8557
12.86855
12.8452292
12.9925833
12.7973333
12.8626417
12.8622084
12.8834125
12.8338459
12.823275
12.8646167
13.1371458
12.9985833
12.9178
13.0023334
13.065625
12.8276625
13.0911125
12.8774667
12.797175
12.7469833
12.93865
12.7950291
12.8865167
12.823425
12.8702167
12.8639959
13.1281458
12.8839958
12.8768667
12.8353458
12.8470833
12.8573292
12.9321958
12.8135
12.8478583
12.9067208
12.7919875
12.8688708
12.9768958
12.8577459
12.8685083
12.8366209
12.8571209
12.8814958
12.9761416
12.8349666
13.5233417
12.8384083
12.8682541
12.9362042
12.887125
12.8585916
12.8847334
13.5333417
12.8755375
13.0931708
12.8399167
12.8827833
12.7722541
12.7830583
12.7997667
12.8405459
12.8626583
12.83425
12.8581709
12.8693583
12.9034917
12.8511291
12.8378
13.0342209
12.883675
12.862275
12.8642708
12.8430875
12.8734667
12.8790167
12.8349
12.9545458
12.8649125
12.8564458
12.8540667
12.8519292
12.8930542
12.8288042
13.0303458
12.833125
12.7858375
13.6199583
12.9406291
13.2137667
12.8528625
12.8798834
12.8411833
12.8622208
12.8834875
12.8787917
12.8284875
12.8626625
12.7934416
12.9401667
12.8042416
12.8524959
12.9519583
12.8649083
12.9686458
12.9056375
12.9748417
12.8660125
12.8075041
12.7997584
12.8644083
12.8614833
12.8803667
12.8543333
12.8179958
12.8101834
12.8837666
12.7818
12.8162541
12.8157958
12.9231042
13.0306416
12.9729375
13.0868083
13.1792417
12.8323208
12.8799042
12.8370084
12.835275
12.8093625
12.8714833
12.8573333
12.8364209
12.9107084
12.7732542
12.8658292
12.86925
12.7925041
12.7814709
12.9173333
12.7576292
12.863025
12.876475
12.7533834
12.7835292
12.7842125
12.8575167
13.0969167
12.8437416
12.7878333
12.9445416
12.8144542
12.7884584
12.8522042
12.784975
12.8848666
12.8640125
12.881525
12.8397375
12.9230125
12.8063917
12.7044875
12.7735625
12.8987583
12.8476042
12.8029125
12.7665125
12.8976375
13.0723916
12.9104042
12.9140417
12.8302958
12.87435
12.8800292
12.860925
12.8396917
12.8007209
12.8602083
12.8399834
12.8888917
12.7767708
12.8385708
12.8636458
12.8541709
12.9432333
12.9502791
12.8731167
12.8643625
12.9496625
12.8790084
12.8117709
12.8843458
12.8299375
13.1585
12.8744375
12.8521458
12.8469625
12.8459416
12.86825
12.8756375
12.8796084
12.8798792
12.8612375
12.859675
12.8557875
12.8579042
13.2782084
13.1521709
13.0432542
12.86955
12.829575
12.8140042
12.8263459
12.8584375
12.863125
12.7792083
12.8616542
12.8545042
12.8518
12.8733542
12.8564208
12.8501
12.8768291
12.8569625
12.8651625
12.841275
12.8655541
12.8875708
12.8722292
12.8746042
12.923725
12.8516167
12.8491875
12.8009791
12.8234375
13.0994583
12.7780875
12.9202792
12.9112041
12.8289583
12.87285
12.88965
12.85185
13.085
12.91165
12.844075
12.9699292
12.843275
12.8376208
12.7987625
12.8360875
12.8583666
12.8581042
12.7966042
12.7845834
12.837125
12.8563958
12.8462667
12.8829542
12.8472167
12.8581666
12.8261167
12.8383416
12.7223
12.8326584
12.8865292
12.8323458
12.9252791
12.8142417
12.861775
12.8602166
12.8604792
12.7681375
12.8652416
12.8446292
12.8923375
12.8730042
12.8416959
12.8119958
12.8030584
12.8402333
12.8739958
12.8579458
13.2407292
12.8558125
12.9638375
12.8618333
12.8316792
12.7997791
12.8285958
12.948375
12.9053375
12.7258667
12.8824958
12.9185959
13.0924792
12.8773667
12.8608416
12.8351042
12.8789375
12.8539417
12.8456709
12.8807542
12.9038083
12.9089542
12.8317833
12.855625
12.968425
12.828925
12.99485
12.8255208
12.8571083
12.8645167
12.8543042
12.9501792
12.8669958
12.961375
12.8808167
13.0417417
12.9817209
12.9402041
12.8607333
12.8470875
12.8803292
12.8626167
12.8581959
12.8653333
12.8580458
12.8517375
12.8791958
12.8465333
12.88565
12.9384083
12.8063958
12.8391083
12.8403167
12.8934583
12.8299208
12.8805416
12.8462167
12.9484917
12.89305
12.8628291
12.90725
13.0415292
12.8696084
12.8579417
12.8538166
12.8503291
12.8808042
12.8397541
12.8531375
12.881175
12.8531208
12.8453292
12.8495166
12.8560083
12.8543667
13.109975
12.979925
12.8274916
13.3183459
12.8026167
12.8709125
12.8237042
12.8601375
12.8614708
12.8670333
12.8389875
12.8969875
12.8665375
12.8554
12.8318166
12.8989792
12.8538292
12.8616166
12.8366708
12.8046083
12.8609708
12.823625
13.0013625
12.894425
12.8738542
12.9204958
12.8424292
12.8564625
12.8872417
12.8326125
12.8394791
12.8555333
12.8790166
12.8488125
12.8843083
12.8486375
12.863425
12.7878375
12.7882875
12.8585292
12.872875
13.0347041
12.9733459
12.9722208
12.86505
12.8522083
12.9011792
12.9961208
12.867125
12.8502292
12.7978084
12.8804542
12.8569
12.8774584
12.8443
12.8511584
12.8225333
12.888325
12.8505125
12.8723916
12.9457209
12.8446291
12.892425
12.8920916
12.9239375
12.8564834
12.9465125
12.8332792
12.8606917
12.8573
12.8231542
12.8800916
12.8378833
12.8551
12.8569833
12.85565
12.807075
12.8524875
12.8548625
12.8804667
12.85695
12.8544583
12.86525
12.850375
12.8996834
12.8213625
12.8363709
12.8801458
12.8028541
12.8161958
12.8888625
12.828975
12.8698083
12.8753416
12.8545625
12.8366458
12.8628917
12.9028
12.9039209
12.8915583
12.8520458
12.8574667
12.9379625
12.8412333
12.8733625
12.8447875
12.8676834
12.8467375
12.8871292
12.9167959
13.1242167
12.8939833
12.869
12.8875792
12.9364625
12.8484
12.8037333
12.8486375
13.0818875
12.8252167
13.2205875
12.9836542
12.881275
13.0544792
12.859075
13.0646458
12.8627458
12.9959459
12.8440792
12.8304417
12.8649958
13.3031708
12.8898
12.9947625
12.775775
12.8132292
12.8748
12.8221083
12.8711292
12.8811458
12.8510542
12.85965
12.8694167
12.8662416
12.8835417
12.8567959
12.8256541
12.8432042
12.8004458
12.83455
12.8655042
12.8707542
12.8382917
12.7900167
12.838425
12.8033875
12.846225
12.8611042
12.8810083
12.8526416
12.8382875
12.8524083
12.8592083
12.8747083
12.8451459
12.7928167
12.850625
12.8064416
12.9345083
12.848375
12.7808458
12.865575
12.8645167
12.8592084
12.8482875
12.8406958
12.86125
12.8617292
12.8202083
12.9691042
12.8503916
12.8520666
12.867
13.5543209
12.8735334
12.8597709
12.8556459
12.7379
12.7908667
12.8807958
12.8702875
12.8336208
12.8107
12.8672542
12.8335
12.9133208
12.8130458
12.8823541
12.9308709
12.8831916
12.862
12.8693208
12.8425375
12.9586167
12.8352625
12.7975208
13.1381125
12.8043833
12.8561917
12.793475
12.8444459
12.8562167
12.8445125
12.7871958
12.8718959
12.8437125
12.8747375
12.9457667
12.8474834
12.9695291
12.8371917
12.9154875
12.8074916
12.8708542
12.8290792
12.8691416
12.8286417
13.5196958
13.035525
