20.5137208
20.5014083
20.52875
20.530125
20.3903875
20.3863958
20.6255166
20.4148917
20.6245791
20.5076333
20.4333666
20.6579083
20.4854625
20.587325
20.6326916
20.5663125
20.6056708
20.5171959
20.6932
20.5159333
20.3946
20.5100208
20.4228416
20.5424708
20.5606125
20.5027916
20.3364541
20.6852834
20.5100834
20.4309
20.4558958
20.690325
20.442575
20.4468666
20.4827167
20.5136333
20.4994459
20.596025
20.5392958
20.5045709
20.5334167
20.624425
20.7182917
20.4812958
20.5322583
20.5312833
20.4344667
20.501225
21.0672917
20.5686417
20.6758083
20.6838042
20.6131917
20.58075
20.5263208
20.5379917
20.4319708
20.457875
20.5297875
20.3758166
20.4632583
20.5356709
20.45495
20.4157125
20.5790292
20.4317042
20.5221917
20.44905
20.5162208
20.5424042
20.3147125
20.564025
20.4134417
20.5492667
20.5750541
20.5590166
20.6678375
20.479975
20.4077583
20.5926958
20.5238833
20.5226625
20.2990625
20.4954
20.5016041
20.4346542
20.6026708
20.5219041
20.5413916
20.3736917
20.4352292
20.2821375
20.4582667
20.3900542
20.5889417
20.5533625
20.2642167
20.5112958
20.4236083
20.4850959
20.4994083
20.6078083
20.7305333
20.5295834
20.5910125
20.3408875
20.644925
20.2972375
20.5129667
20.5800584
20.5870166
20.4372791
20.52285
20.56405
20.3596333
20.5105792
20.5378875
20.5883625
20.6025583
20.3980042
20.5381291
20.5304291
20.921775
20.5287041
20.45015
20.4269792
20.7870166
21.1088916
20.8368625
20.6477417
20.4850834
20.5279959
20.4424875
20.6649833
20.5875042
20.6430125
20.6820416
20.5172625
20.4892417
20.3948458
20.5069
20.480975
20.5035792
20.3025666
20.3771875
20.5318041
20.3650041
20.523725
20.4472833
20.264725
20.597375
20.623875
20.5911875
20.4861208
20.44615
20.6089667
20.4063291
20.6808792
20.5378917
20.4376583
20.6522042
20.5966583
20.7032333
20.7443625
20.4354709
20.4268583
20.5158958
20.4184417
20.4826541
20.4020291
20.365325
20.4785333
20.5819542
20.5167125
20.4014625
20.4441125
20.7349375
20.5348417
20.4877458
20.6604042
20.4967292
20.5036625
20.5719917
20.3169583
20.5962167
20.5907
20.680525
20.8269167
20.7048583
20.4319709
20.47465
20.5275708
20.5668167
20.4676916
20.5285792
20.6300875
20.5780708
20.5732959
20.3321875
20.5419541
20.6070084
20.548875
20.609025
20.6400875
20.536375
20.5802666
20.6586083
20.5708208
20.4842084
20.5862833
20.6747417
20.5455667
20.3776208
20.4079958
20.5121417
20.4826083
20.315125
20.5832375
20.6157958
20.5773333
20.53425
20.4934625
20.5654417
20.4590875
20.6747875
20.6202875
20.4620208
20.5544209
20.392925
20.4801709
20.6195417
20.5857917
20.4097709
20.5676834
20.9273833
20.3979083
20.5682542
20.3548791
20.640575
20.7358208
20.5921209
20.4386542
20.5186583
20.6102125
20.6023708
20.4938125
20.4253542
20.3182167
20.5426291
20.5946917
20.4896708
20.53025
20.5623875
20.6329541
20.7219875
20.6996959
21.7533875
21.008825
20.6707541
20.8193583
20.57545
20.4652625
20.5460333
20.3313375
20.6132209
20.46535
20.61355
20.5858583
20.5876416
20.4653375
20.5801042
20.4075917
20.4970417
20.6091542
20.6687
20.660075
20.5195166
20.6286959
20.4188458
20.532925
20.6157334
20.6087458
20.4630083
20.6843625
20.7359792
20.5124125
20.7570792
20.616075
20.7565792
20.4594125
20.424325
20.7667584
20.5943167
20.5784625
20.4826791
20.3995625
20.670225
20.7077042
20.5113417
20.7124209
20.6361875
20.6842
20.6969667
20.6398708
20.5634833
20.8372583
20.5955375
20.49585
20.4575125
20.395725
20.5518667
20.4646292
20.4190375
20.388675
20.6065084
20.4047334
20.7277542
20.5113917
20.717225
20.6423417
20.4335083
20.4742333
20.4992917
20.4428583
20.5851375
20.6137375
20.4502834
20.6179666
21.4130958
20.5318958
20.4268375
20.5194208
20.5771041
20.4957
20.5105417
20.480525
20.580925
20.4944833
20.327075
20.5687709
20.768325
20.8292166
20.5511792
20.4616666
20.6822209
20.4625333
20.5651042
20.6741459
20.7752542
20.4772167
20.4708333
20.5702167
20.4761834
20.5208667
20.8029542
20.7663708
21.5687333
20.5420708
20.4725292
20.4543292
20.6180791
20.4099416
20.4755042
20.53205
20.5371834
20.6235084
20.4854167
20.48205
20.4881917
20.5001167
20.709575
20.5732667
20.3503167
20.3453916
20.7904875
20.78195
20.4576542
20.4578583
20.5101791
20.3028708
20.5569875
20.4694625
20.3841
20.695575
20.6664083
20.6064042
20.3936166
20.5900334
20.5382542
20.57375
20.4642083
20.4626625
20.5101292
20.475675
21.2017584
20.5502375
20.6152541
20.7397458
20.45655
20.8453291
20.5751083
20.5551208
20.6758833
20.4899125
20.4699375
20.44335
20.5271083
20.4420791
20.4089458
20.5403708
20.5793583
20.4747958
20.4329208
20.5925917
20.4408917
20.5150292
20.5136375
20.5186958
20.5568458
20.4268958
20.6027042
20.5365208
20.5955791
20.4156083
20.5124958
20.5105875
20.594125
20.83305
20.5172875
20.398925
20.5530458
20.4570875
20.4113583
20.4730459
20.2964375
20.667675
20.2796666
20.4020791
20.5095167
20.451225
20.5362
20.6021958
20.3942041
20.4272833
20.4478583
20.5405292
20.4373292
20.4729
20.6299292
20.4175333
20.4814375
20.53095
20.3865958
20.3774417
20.3969459
20.5594917
20.4266167
20.4823791
20.5055417
20.4664833
20.5084167
20.4072292
20.5983459
20.3706125
20.5606125
20.433375
20.4453875
20.5380292
20.6132166
20.5499042
20.3735792
20.4941375
20.4738875
20.3705125
20.3624208
20.5726667
20.3388292
20.4617042
20.6063292
20.3793333
20.9412416
20.5288125
20.5609167
20.4223417
20.4652958
20.5652292
20.4676417
20.4564417
20.6164
20.8236167
20.2931667
20.4511709
20.6219708
20.4472625
20.6814041
20.511575
20.6448792
20.5866792
20.4556834
20.5170709
20.4588792
20.46145
20.5101125
20.4601708
20.4391166
20.5002167
20.4357583
20.6650083
20.5742209
20.3973291
21.0778542
20.4881792
20.4885584
20.5064
20.4222209
20.5691625
20.5186166
20.47435
20.3625041
20.5855083
20.5594875
20.5202583
20.5399334
20.57935
20.6447042
20.5014541
20.6818417
20.4609209
20.4712083
20.8751292
20.2907666
20.4471542
20.5301375
20.4813292
20.5267125
20.4425958
20.5186
20.6309541
20.91495
20.6089542
20.7802
20.3796583
20.6480583
20.4894083
20.5013291
20.2585541
20.4879042
20.4444416
20.4566125
20.434425
20.2683125
20.2546292
20.3359792
20.4482083
20.552175
20.6830416
20.4547625
20.840175
20.5088667
20.4343084
20.5812083
20.3977917
20.5750917
20.5108875
20.5401958
20.4283958
20.5832084
20.3883416
20.3875459
20.397925
20.5239834
20.4766959
20.4827625
20.6858584
20.5163416
20.5483375
20.7442041
20.4865125
20.4406375
20.5359625
20.6075833
20.4617583
20.5870417
20.4316708
20.4829833
20.5128208
20.6834458
20.4343
20.3989
20.495825
20.4685458
20.4806875
20.5235291
20.5328375
20.4212916
20.4337667
20.5030125
20.4361542
20.4862875
20.5641292
20.4478125
20.5595541
20.6421625
20.4656833
20.4815458
20.4649542
20.5084708
20.6398542
20.4785959
20.4492459
21.5739166
20.7105084
20.5308209
20.6498625
20.5381875
20.5089917
20.5614666
20.4272
20.4890834
20.5568458
20.4280417
20.5272625
20.4420708
20.507675
20.4173666
20.4263333
20.4801334
20.49495
20.5443292
20.5257084
20.4366041
20.4781458
20.6041875
20.4674584
20.411875
20.485775
20.5777291
20.5041875
20.3143958
20.5368
20.3931667
20.5254125
20.5541792
20.4514958
20.5040667
20.6286292
20.4730083
20.5602667
20.64665
20.5534959
20.7000333
20.5230833
20.3281125
20.5550292
20.4663084
20.5321291
20.4660667
20.502225
20.4589041
20.5727834
20.5638708
20.4420084
20.5509416
20.4771625
20.3450084
20.4448875
20.4558792
20.53335
20.4385166
20.4067375
20.55435
20.4219958
20.3689875
20.4533209
20.5225375
20.3302375
20.4552
20.5699041
20.4578333
20.5018958
20.436825
20.5118625
20.5029834
20.5221792
20.4621333
20.4728583
20.5423875
21.0335917
20.347525
20.5622625
20.4326625
20.5534084
20.5063334
20.5388833
20.4048291
20.4645458
20.6589417
20.4289375
20.4926666
20.4967459
20.4987041
20.3725125
20.5298542
20.493925
20.5872833
20.609975
20.4829042
20.4789042
20.3224083
20.60315
20.8784167
20.4634375
20.5584792
20.4124
20.3526916
20.4030958
20.5406416
20.5306958
20.5125333
20.5279333
20.3970084
20.4925208
20.5582625
20.4992666
20.5258917
20.3980708
20.52865
20.8614875
20.4722792
20.53755
20.5355583
20.4338917
20.4967208
20.4333417
20.6176625
20.3334917
20.4078625
20.4693209
20.4203167
20.5697625
20.5191542
20.5210375
20.5834208
20.3052292
20.3809125
20.4639958
20.5102917
20.5537084
20.4534916
20.5206667
20.51
20.4770958
20.4790375
20.4141542
20.5266084
20.4972542
20.4119584
20.4047833
20.565475
20.359925
20.4040833
21.1333958
21.1562959
20.3933333
20.5430166
20.473275
20.5422833
20.4246541
20.475975
20.5233417
20.4975375
20.5897542
20.5082042
20.4526708
20.5727875
20.703175
20.4994292
20.5364583
20.6499958
20.4771791
20.5096916
20.4377083
20.4533708
20.5346125
20.6202625
20.5183125
20.608925
20.4573458
20.4493584
20.5092458
20.4739959
20.4281042
20.5136083
20.3735916
20.5620583
20.5881416
20.6625542
20.517725
20.6895292
20.4705541
20.6423709
20.5330333
20.5533458
20.4821792
20.4964166
20.8045458
20.45115
20.3780958
20.4917042
20.4965791
20.5192
20.5065625
20.5378333
20.7011333
20.4599375
20.4616375
20.4885084
20.4292208
20.4884084
20.4855209
20.525175
20.5350625
20.57885
20.4494333
20.5285708
20.4607625
20.5178959
20.4328709
20.9522333
20.2910334
20.523675
20.9568667
20.476025
20.7905666
20.5535834
20.5059375
20.4591125
20.3481542
20.4188792
20.5467667
20.4312417
20.4620292
20.3714333
20.4598833
20.3788208
20.5797083
20.2737709
20.4498125
20.5162792
20.4921125
20.3549
20.4974541
20.5049208
20.4242458
20.54705
20.4332125
20.5968459
20.6344959
20.4110042
21.7082083
20.453425
20.4815792
20.4271958
20.4134041
20.4982084
20.4876833
20.4529667
20.4266166
20.4826458
20.5257041
20.5747375
20.5197959
20.5438375
20.3547834
20.4600041
20.6237791
20.2917042
20.7425791
20.6251625
20.5136458
20.3793667
20.5672833
20.822325
20.6557166
20.4897416
20.4850416
20.463575
20.293175
20.6236625
20.5168584
20.5091583
20.481175
22.3638916
20.9546542
20.5221667
20.4605125
20.4919667
20.961575
20.32465
20.6660042
20.6080458
20.8307
20.6342041
20.4064375
20.4960375
20.5278166
20.3535333
20.6794042
20.4640709
20.4627459
20.5363417
20.4607209
20.408025
21.0293584
20.4508958
20.531925
20.5030583
21.0776792
20.515725
20.4667083
20.62315
20.5085583
20.4387375
20.6030833
20.5298292
20.5164292
20.5462709
20.4708417
20.452675
20.5739042
20.5950625
20.4164833
20.4386583
20.5402167
20.5153917
20.4368084
20.3900666
20.4897083
20.456275
20.4404666
20.5295541
20.4590083
20.438775
20.7056375
20.6804917
20.57365
20.4787125
20.4032875
20.4639666
20.5563959
20.4934417
20.5659667
20.550925
20.2343958
20.5029291
20.4482167
20.3556166
20.4284
20.4439167
20.5544042
20.4192625
20.3455917
20.3075375
20.5041791
20.5258
20.4889333
20.4729375
20.4758458
20.5247292
20.4651667
20.7414083
20.570925
20.3841708
20.4779875
20.4703666
20.5469917
20.4873458
20.4782459
20.529525
20.4936583
20.4670042
20.6566542
20.3817875
20.5724333
20.28645
20.5866541
20.5718792
20.4424
20.4407792
20.5072958
20.4294
20.4543709
20.5291042
21.248125
20.7506542
20.5108958
20.3266
20.3394042
20.4893583
20.4825625
